-2.5780257855e+03 7.4354699101e+03 6.7328330234e-01 -8.7897928631e-01 -3.0212648040e-01 7.0599109422e+00
-2.6983502431e+03 7.2914442298e+03 1.2225592064e+03 -5.0288702468e-01 -1.3518406883e+00 6.9725388792e+00
-2.7521114720e+03 6.9675515342e+03 2.4142248429e+03 -1.1456424039e-01 -2.3677378682e+00 6.7128879493e+00
-2.7380220763e+03 6.4718794416e+03 3.5462467521e+03 2.7631715560e-01 -3.3245899125e+00 6.2876248709e+00
-2.6564817403e+03 5.8167715879e+03 4.5907254939e+03 6.6005726519e-01 -4.1987527699e+00 5.7075755007e+00
-2.5095598401e+03 5.0184989851e+03 5.5219813524e+03 1.0271825384e+00 -4.9687680343e+00 4.9873947358e+00
-2.3009350210e+03 4.0968337396e+03 6.3171838231e+03 1.3686852812e+00 -5.6158824918e+00 4.1451381343e+00
-2.0357949750e+03 3.0745404644e+03 6.9568998231e+03 1.6762412044e+00 -6.1244745685e+00 3.2017589991e+00
-1.7207006605e+03 1.9768019675e+03 7.4255497502e+03 1.9424005377e+00 -6.4823842321e+00 2.1805545816e+00
-1.3634197606e+03 8.3059582945e+02 7.7117644053e+03 2.1607507964e+00 -6.6811491062e+00 1.1065820805e+00
-9.7273431999e+02 -3.3596236704e+02 7.8086389775e+03 2.3260513044e+00 -6.7161533953e+00 6.0602245777e-03
-5.5822737035e+02 -1.4942946760e+03 7.7138825629e+03 2.4343407198e+00 -6.5866973235e+00 -1.0942332395e+00
-1.3005310884e+02 -2.6160420634e+03 7.4298630465e+03 2.4830189765e+00 -6.2959933805e+00 -2.1675625314e+00
3.0130500117e+02 -3.6737389261e+03 6.9635478846e+03 2.4709043623e+00 -5.8510925370e+00 -3.1878304813e+00
7.2528386116e+02 -4.6414686873e+03 6.3263417411e+03 2.3982652143e+00 -5.2627398904e+00 -4.1301683513e+00
1.1314935447e+03 -5.4954879287e+03 5.5338225195e+03 2.2668243666e+00 -4.5451561684e+00 -4.9715142014e+00
1.5099683057e+03 -6.2148057522e+03 4.6053784681e+03 2.0797334708e+00 -3.7157402241e+00 -5.6911711540e+00
1.8514102735e+03 -6.7817042772e+03 3.5637509492e+03 1.8415140153e+00 -2.7946887286e+00 -6.2713320977e+00
2.1474198098e+03 -7.1821857941e+03 2.4344902011e+03 1.5579624849e+00 -1.8045328061e+00 -6.6975530185e+00
2.3907061776e+03 -7.4063325052e+03 1.2453347799e+03 1.2360186389e+00 -7.6959687933e-01 -6.9591544599e+00
2.5752721843e+03 -7.4485662683e+03 2.5528984147e+01 8.8359814280e-01 2.8460842615e-01 -7.0495304533e+00
2.6965668991e+03 -7.3077983849e+03 -1.1949040365e+03 5.0939340072e-01 1.3320410069e+00 -6.9663469837e+00
2.7516014394e+03 -6.9874631359e+03 -2.3859131089e+03 1.2264896931e-01 2.3468061865e+00 -6.7116174623e+00
2.7390241139e+03 -6.4954331257e+03 -3.5181718572e+03 -2.6708006018e-01 3.3038334824e+00 -6.2916499995e+00
2.6591527817e+03 -5.8438191184e+03 -4.5638113739e+03 -6.5017717747e-01 4.1795248768e+00 -5.7168694064e+00
2.5139639668e+03 -5.0486614250e+03 -5.4971117878e+03 -1.0172114369e+00 4.9523510149e+00 -5.0015244901e+00
2.3070398757e+03 -4.1295235850e+03 -6.2951341595e+03 -1.3591736142e+00 5.6033768517e+00 -4.1632971749e+00
2.0434758308e+03 -3.1090017455e+03 -6.9382773495e+03 -1.6676945945e+00 6.1167047035e+00 -3.2228334116e+00
1.7297516546e+03 -2.0121646580e+03 -7.4107480614e+03 -1.9352412562e+00 6.4798292485e+00 -2.2032163942e+00
1.3735711623e+03 -8.6593965565e+02 -7.7009356815e+03 -2.1552873169e+00 6.6839045522e+00 -1.1294005349e+00
9.8367420429e+02 3.0154037975e+02 -7.8016864260e+03 -2.3224583818e+00 6.7239267427e+00 -2.7620757119e-02
5.6962572616e+02 1.4616148152e+03 -7.7104734389e+03 -2.4326514499e+00 6.5988370626e+00 1.0752128717e+00
1.4158624800e+02 2.5857843268e+03 -7.4294608737e+03 -2.4831292578e+00 6.3115488171e+00 2.1521290410e+00
-2.8993185192e+02 3.6463981056e+03 -6.9654608342e+03 -2.4725891627e+00 5.8688989115e+00 3.1767136429e+00
-7.1431771419e+02 4.6173259177e+03 -6.3297827336e+03 -2.4012050768e+00 5.2815213441e+00 4.1237285063e+00
-1.1211201302e+03 5.4746010324e+03 -5.5379755728e+03 -2.2706397038e+00 4.5636374556e+00 4.9697234582e+00
-1.5003049605e+03 6.1970190291e+03 -4.6094652195e+03 -2.0840234589e+00 3.7327570514e+00 5.6936302312e+00
-1.8425057230e+03 6.7666765998e+03 -3.5670912225e+03 -1.8458963745e+00 2.8092863802e+00 6.2773215285e+00
-2.1392606556e+03 7.1694341195e+03 -2.4365510015e+03 -1.5621102284e+00 1.8160434704e+00 6.7061140598e+00
-2.3832292354e+03 7.3952863952e+03 -1.2457631931e+03 -1.2396900603e+00 7.7768790854e-01 6.9691918781e+00
-2.5683812136e+03 7.4386278870e+03 -2.4166047433e+01 -8.8665692898e-01 -2.7992027314e-01 7.0599268341e+00
-2.6901518097e+03 7.2984018872e+03 1.1980294796e+03 -5.1181677606e-01 -1.3304107389e+00 6.9760767528e+00
-2.7455578058e+03 6.9781274480e+03 2.3906094747e+03 -1.2452308125e-01 -2.3476147144e+00 6.7198486957e+00
-2.7332708152e+03 6.4858028719e+03 3.5241257384e+03 2.6557687351e-01 -3.3062686257e+00 6.2978234385e+00
-2.6536458157e+03 5.8336897687e+03 4.5706396057e+03 6.4880124833e-01 -4.1826802558e+00 5.7207467020e+00
-2.5087049331e+03 5.0379864746e+03 5.5044188732e+03 1.0156876813e+00 -4.9553320758e+00 5.0032012134e+00
-2.3020782212e+03 4.1184035026e+03 6.3025688251e+03 1.3572327331e+00 -5.6054028136e+00 4.1631800293e+00
-2.0389046348e+03 3.0976563219e+03 6.9455822369e+03 1.6651095680e+00 -6.1171960389e+00 3.2215848373e+00
-1.7256974096e+03 2.0008920431e+03 7.4177973990e+03 1.9318593458e+00 -6.4784721768e+00 2.2016729277e+00
-1.3701786226e+03 8.5506663594e+02 7.7077571033e+03 2.1510543629e+00 -6.6806866027e+00 1.1284735913e+00
-9.8108786043e+02 -3.1171153066e+02 7.8084647393e+03 2.3174330091e+00 -6.7191403725e+00 2.8189842949e-02
-5.6796979740e+02 -1.4708573150e+03 7.7175359310e+03 2.4270077678e+00 -6.5930512958e+00 -1.0724041080e+00
-1.4094524073e+02 -2.5939903384e+03 7.4372455285e+03 2.4771476732e+00 -6.3055516977e+00 -2.1465639395e+00
2.8952999652e+02 -3.6536100230e+03 6.9744704767e+03 2.4666359631e+00 -5.8636161018e+00 -3.1681720103e+00
7.1291406121e+02 -4.6237519617e+03 6.3405295068e+03 2.3957024359e+00 -5.2779183640e+00 -4.1123274042e+00
1.1188313265e+03 -5.4806130887e+03 5.5509211752e+03 2.2660286721e+00 -4.5626147264e+00 -4.9559246582e+00
1.4973230052e+03 -6.2031323548e+03 4.6249628914e+03 2.0807232599e+00 -3.7350479190e+00 -5.6782126207e+00
1.8390906178e+03 -6.7735128180e+03 3.5853354821e+03 1.8442638474e+00 -2.8153684631e+00 -6.2613200732e+00
2.1357263127e+03 -7.1776706646e+03 2.4575405537e+03 1.5624034399e+00 -1.8260728210e+00 -6.6907303749e+00
2.3799237010e+03 -7.4055970630e+03 1.2692812701e+03 1.2420398761e+00 -7.9146353137e-01 -6.9556846535e+00
2.5656628753e+03 -7.4516202144e+03 4.9780778563e+01 8.9104965570e-01 2.6295695247e-01 -7.0494928525e+00
2.6883637048e+03 -7.3145575729e+03 -1.1709440757e+03 5.1808989826e-01 1.3111405261e+00 -6.9697346086e+00
2.7450023853e+03 -6.9977518442e+03 -2.3628334066e+03 1.3237474586e-01 2.3271724196e+00 -6.7183372935e+00
2.7341875004e+03 -6.5089887320e+03 -3.4965373860e+03 -2.5656545589e-01 3.2859486041e+00 -6.3015258515e+00
2.6561934193e+03 -5.8602990185e+03 -4.5441496255e+03 -6.3913269826e-01 4.1638252162e+00 -5.7296471953e+00
2.5129505301e+03 -5.0676519581e+03 -5.4798998462e+03 -1.0059079504e+00 4.9392163264e+00 -5.0168795883e+00
2.3079934152e+03 -4.1505506650e+03 -6.2807872056e+03 -1.3478871913e+00 5.5931214378e+00 -4.1808434524e+00
2.0463694490e+03 -3.1315428639e+03 -6.9271388522e+03 -1.6566998593e+00 6.1095705274e+00 -3.2421335287e+00
1.7345113209e+03 -2.0356619095e+03 -7.4030818350e+03 -1.9248049385e+00 6.4759810419e+00 -2.2237929330e+00
1.3800776240e+03 -8.8981344660e+02 -7.6969199261e+03 -2.1456621088e+00 6.6834268260e+00 -1.1507476261e+00
9.9176593363e+02 2.7787725853e+02 -7.8014098119e+03 -2.3138771660e+00 6.7268225608e+00 -4.9215952851e-02
5.7910283419e+02 1.4387430457e+03 -7.7139332649e+03 -2.4253219513e+00 6.6050284437e+00 1.0538966359e+00
1.5221528746e+02 2.5642641255e+03 -7.4365633042e+03 -2.4772291727e+00 6.3208786713e+00 2.1316114847e+00
-2.7841228384e+02 3.6267557518e+03 -6.9760232110e+03 -2.4682618391e+00 5.8811344856e+00 3.1574952445e+00
-7.0219067740e+02 4.6000410153e+03 -6.3435379433e+03 -2.3985558468e+00 5.2963592118e+00 4.1062787633e+00
-1.1086834716e+03 5.4600947772e+03 -5.5545784297e+03 -2.2697329966e+00 4.5807101242e+00 4.9544694644e+00
-1.4878640205e+03 6.1856437700e+03 -4.6285007889e+03 -2.0848808377e+00 3.7516412441e+00 5.6809458258e+00
-1.8303657910e+03 6.7587069856e+03 -3.5880849544e+03 -1.8484956394e+00 2.8295129955e+00 6.2675173697e+00
-2.1277193718e+03 7.1650601150e+03 -2.4589804798e+03 -1.5663856976e+00 1.8371091061e+00 6.6994290410e+00
-2.3725691477e+03 7.3946084198e+03 -1.2690712273e+03 -1.2455340933e+00 7.9906770650e-01 6.9657863284e+00
-2.5588627081e+03 7.4416542726e+03 -4.7774761802e+01 -8.9392268775e-01 -2.5875884886e-01 7.0598779020e+00
-2.6820066230e+03 7.3050487767e+03 1.1747039668e+03 -5.2032214477e-01 -1.3099936935e+00 6.9793762700e+00
-2.7389833094e+03 6.9882211588e+03 2.3681422286e+03 -1.3405559474e-01 -2.3284474563e+00 6.7264036688e+00
-2.7284252288e+03 6.4990846492e+03 3.5030684972e+03 2.5525429921e-01 -3.2888226231e+00 6.3074591398e+00
-2.6506444695e+03 5.8498227569e+03 4.5515070207e+03 6.3794402300e-01 -4.1673809418e+00 5.7332121595e+00
-2.5076176538e+03 5.0565646505e+03 5.4876758869e+03 1.0045629316e+00 -4.9425484144e+00 5.0181767584e+00
-2.3029278783e+03 4.1389622576e+03 6.2886195096e+03 1.3461126056e+00 -5.5954387947e+00 4.1802864680e+00
-2.0416668438e+03 3.1196843451e+03 6.9347603331e+03 1.6542646353e+00 -6.1102842147e+00 3.2403937869e+00
-1.7303013612e+03 2.0238441518e+03 7.4103587218e+03 1.9215522579e+00 -6.4747692147e+00 2.2217178867e+00
-1.3765089874e+03 8.7837721186e+02 7.7038739094e+03 2.1415338419e+00 -6.6802707320e+00 1.1492613950e+00
-9.8898770195e+02 -2.8861481381e+02 7.8082220993e+03 2.3089282470e+00 -6.7220105558e+00 4.9212253560e-02
-5.7724442147e+02 -1.4485397576e+03 7.7209301169e+03 2.4197232706e+00 -6.5991279626e+00 -1.0516588270e+00
-1.5136689853e+02 -2.5729967358e+03 7.4441844048e+03 2.4712585936e+00 -6.3146789241e+00 -2.1265995416e+00
2.7821664049e+02 -3.6344516861e+03 6.9847758756e+03 2.4622839797e+00 -5.8755651892e+00 -3.1494729279e+00
7.0098579863e+02 -4.6068944827e+03 6.3539415568e+03 2.3929922652e+00 -5.2923928334e+00 -4.0953476221e+00
1.1065797313e+03 -5.4664651017e+03 5.5671045359e+03 2.2650253226e+00 -4.5792567856e+00 -4.9410769313e+00
1.4850473557e+03 -6.1920355520e+03 4.6435148172e+03 2.0814501547e+00 -3.7534464554e+00 -5.6658582536e+00
1.8270905779e+03 -6.7657334893e+03 3.6057955914e+03 1.8467019419e+00 -2.8350685658e+00 -6.2517595707e+00
2.1242945536e+03 -7.1733930177e+03 2.4794021211e+03 1.5664914376e+00 -1.8465867389e+00 -6.6841953349e+00
2.3693386607e+03 -7.4049185596e+03 1.2920037898e+03 1.2476756044e+00 -8.1228285554e-01 -6.9523313022e+00
2.5561818583e+03 -7.4545491058e+03 7.2803482364e+01 8.9809260316e-01 2.4234822237e-01 -7.0493975875e+00
