-2.5778597191e+03 7.4352655134e+03 -3.1235499458e-03 -8.7919737370e-01 -3.0153838507e-01 7.0600354304e+00
-2.6982548623e+03 7.2914313135e+03 1.2219282531e+03 -5.0347780028e-01 -1.3502483700e+00 6.9730231478e+00
-2.7521466467e+03 6.9678861832e+03 2.4137441274e+03 -1.1545719490e-01 -2.3653877252e+00 6.7141989630e+00
-2.7382284236e+03 6.4726590644e+03 3.5460893193e+03 2.7527020647e-01 -3.3218978630e+00 6.2900667168e+00
-2.6568691274e+03 5.8180131793e+03 4.5910980131e+03 6.5905646721e-01 -4.1962106877e+00 5.7112243109e+00
-2.5101015617e+03 5.0201354094e+03 5.5230825830e+03 1.0264416212e+00 -4.9668340123e+00 4.9920859475e+00
-2.3015691454e+03 4.0987286436e+03 6.3191657318e+03 1.3683890024e+00 -5.6148804295e+00 4.1505091827e+00
-2.0364327535e+03 3.0765180869e+03 6.9598403255e+03 1.6765081740e+00 -6.1245265882e+00 3.2073378092e+00
-1.7212402993e+03 1.9786845975e+03 7.4294434009e+03 1.9432598999e+00 -6.4833920842e+00 2.1858735983e+00
-1.3637626145e+03 8.3223978077e+02 7.7165332301e+03 2.1621382490e+00 -6.6828296515e+00 1.1112914486e+00
-9.7279997652e+02 -3.3464120649e+02 7.8141609460e+03 2.3278256735e+00 -6.7181209104e+00 1.0013496051e-02
-5.5796427891e+02 -1.4933124178e+03 7.7200309890e+03 2.4363177261e+00 -6.5885745081e+00 -1.0909417450e+00
-1.2944235267e+02 -2.6153583863e+03 7.4365474397e+03 2.4850149330e+00 -6.2975259768e+00 -2.1646190861e+00
3.0225370268e+02 -3.6732869336e+03 6.9707460776e+03 2.4727802044e+00 -5.8522409746e+00 -3.1847794348e+00
7.2654310755e+02 -4.6411970281e+03 6.3341146963e+03 2.3999609946e+00 -5.2637257109e+00 -4.1265305400e+00
1.1330337746e+03 -5.4954060324e+03 5.5423067446e+03 2.2683762270e+00 -4.5464502698e+00 -4.9669215842e+00
1.5117743965e+03 -6.2150218214e+03 4.6147557214e+03 2.0812687384e+00 -3.7179922182e+00 -5.6854886699e+00
1.8534953719e+03 -6.7824466650e+03 3.5741998878e+03 1.8432246823e+00 -2.7986093205e+00 -6.2647395806e+00
2.1498329989e+03 -7.1838014114e+03 2.4461287562e+03 1.5600619573e+00 -1.8107514039e+00 -6.6905676466e+00
2.3935317730e+03 -7.4092603427e+03 1.2581644503e+03 1.2386902903e+00 -7.7852243383e-01 -6.9525860798e+00
2.5786201302e+03 -7.4532890734e+03 3.9392391943e+01 8.8694612002e-01 2.7289530670e-01 -7.0443757430e+00
2.7005555621e+03 -7.3147799887e+03 -1.1803431480e+03 5.1340588773e-01 1.3178423673e+00 -6.9636409851e+00
2.7563356948e+03 -6.9970819500e+03 -2.3711623174e+03 1.2718176083e-01 2.3307955372e+00 -6.7122698995e+00
2.7445726558e+03 -6.5079233011e+03 -3.5038749698e+03 -2.6229581292e-01 3.2869800851e+00 -6.2962971630e+00
2.6655288458e+03 -5.8592295571e+03 -4.5506910169e+03 -6.4550400121e-01 4.1629672314e+00 -5.7257694888e+00
2.5211130769e+03 -5.0668395258e+03 -5.4858990645e+03 -1.0130569472e+00 4.9372432746e+00 -5.0145156853e+00
2.3148369228e+03 -4.1501259509e+03 -6.2864970738e+03 -1.3559334106e+00 5.5907370372e+00 -4.1798253428e+00
2.0517320397e+03 -3.1315290451e+03 -6.9327596672e+03 -1.6656973923e+00 6.1072928075e+00 -3.2420422563e+00
1.7382301390e+03 -2.0360134433e+03 -7.4087279458e+03 -1.9347064316e+00 6.4740767595e+00 -2.2240807986e+00
1.3820082095e+03 -8.9046110232e+02 -7.7026092908e+03 -2.1563023672e+00 6.6819059655e+00 -1.1508755366e+00
9.9180247266e+02 2.7698556013e+02 -7.8070765873e+03 -2.3249795961e+00 6.7254906062e+00 -4.8776359305e-02
5.7719538658e+02 1.4376145150e+03 -7.7194585981e+03 -2.4365262467e+00 6.6035818170e+00 1.0550968052e+00
1.4838076649e+02 2.5628520595e+03 -7.4418158023e+03 -2.4881342255e+00 6.3190197941e+00 2.1335240693e+00
-2.8408726783e+02 3.6249702194e+03 -6.9808988349e+03 -2.4784747946e+00 5.8786792644e+00 3.1598636603e+00
-7.0955529547e+02 4.5977757216e+03 -6.3479896558e+03 -2.4077371728e+00 5.2933121482e+00 4.1087204426e+00
-1.1175349748e+03 5.4572628658e+03 -5.5586286524e+03 -2.2776286249e+00 4.5772901248e+00 4.9565871097e+00
-1.4979640502e+03 6.1822133439e+03 -4.6322339526e+03 -2.0913355643e+00 3.7482527433e+00 5.6824406055e+00
-1.8414572498e+03 6.7547272932e+03 -3.5916221792e+03 -1.8534463183e+00 2.8266695861e+00 6.2682772640e+00
-2.1395405504e+03 7.1606715798e+03 -2.4624426265e+03 -1.5698373445e+00 1.8353276678e+00 6.6995716830e+00
-2.3848626939e+03 7.3900334649e+03 -1.2725392666e+03 -1.2475257949e+00 7.9875760998e-01 6.9656464189e+00
-2.5713784329e+03 7.4371703340e+03 -5.1257026985e+01 -8.9449234955e-01 -2.5738593391e-01 7.0599421528e+00
-2.6944987471e+03 7.3009489880e+03 1.1712896781e+03 -5.1947914314e-01 -1.3069727140e+00 6.9801809160e+00
-2.7512041739e+03 6.9847710147e+03 2.3649671613e+03 -1.3176834151e-01 -2.3240564600e+00 6.7284181669e+00
-2.7401184147e+03 6.4964838631e+03 3.5003719797e+03 2.5905253556e-01 -3.2835276593e+00 6.3109828348e+00
-2.6615404685e+03 5.8481803367e+03 4.5495604488e+03 6.4333212740e-01 -4.1617419988e+00 5.7383077486e+00
-2.5174346698e+03 5.0558921929e+03 5.4867395439e+03 1.0115970639e+00 -4.9371079080e+00 5.0246560193e+00
-2.3113791365e+03 4.1391862886e+03 6.2889017979e+03 1.3547877166e+00 -5.5906181395e+00 4.1877518103e+00
-2.0484742176e+03 3.1206741739e+03 6.9363884980e+03 1.6644817904e+00 -6.1063122430e+00 3.2483264193e+00
-1.7352135478e+03 2.0254481204e+03 7.4133675609e+03 1.9331001756e+00 -6.4716590440e+00 2.2295926295e+00
-1.3793212304e+03 8.8045825951e+02 7.7082148634e+03 2.1540901181e+00 -6.6778507015e+00 1.1566618277e+00
-9.8955946810e+02 -2.8615325933e+02 7.8137904179e+03 2.3220815175e+00 -6.7200024951e+00 5.5919415498e-02
-5.7551161534e+02 -1.4457443843e+03 7.7276035375e+03 2.4330129786e+00 -6.5972550679e+00 -1.0456254270e+00
-1.4734614051e+02 -2.5698744960e+03 7.4518639351e+03 2.4842251014e+00 -6.3127783507e+00 -2.1209994893e+00
2.8443265135e+02 -3.6309979785e+03 6.9934184873e+03 2.4745193506e+00 -5.8736787373e+00 -3.1439189873e+00
7.0924107104e+02 -4.6031335059e+03 6.3635760793e+03 2.4041816866e+00 -5.2908132320e+00 -4.0894216008e+00
1.1166735354e+03 -5.4624933408e+03 5.5778255044e+03 2.2749709387e+00 -4.5785162071e+00 -4.9344629141e+00
1.4967550207e+03 -6.1880580714e+03 4.6554537503e+03 2.0900726461e+00 -3.7542460954e+00 -5.6584642532e+00
1.8401825905e+03 -6.7620836142e+03 3.6190741549e+03 1.8540197802e+00 -2.8381607864e+00 -6.2438002397e+00
2.1385504117e+03 -7.1705289452e+03 2.4940758208e+03 1.5725823896e+00 -1.8526317269e+00 -6.6762158271e+00
2.3845530763e+03 -7.4033948508e+03 1.3080073200e+03 1.2526287760e+00 -8.2170774700e-01 -6.9451641176e+00
2.5721625455e+03 -7.4549659813e+03 8.9909100029e+01 9.0196132697e-01 2.2945951812e-01 -7.0440578573e+00
2.6967746173e+03 -7.3239506144e+03 -1.1303899112e+03 5.2913059493e-01 1.2752160716e+00 -6.9704291689e+00
2.7553214800e+03 -7.0135147612e+03 -2.3229952047e+03 1.4323163343e-01 2.2900188020e+00 -6.7259938071e+00
2.7463476435e+03 -6.5312095521e+03 -3.4586723076e+03 -2.4631302622e-01 3.2490481204e+00 -6.3166180190e+00
2.6700473320e+03 -5.8887931883e+03 -4.5095581616e+03 -6.2997904926e-01 4.1288063881e+00 -5.7521879643e+00
2.5282622629e+03 -5.1019511115e+03 -5.4498414624e+03 -9.9836964571e-01 4.9076885485e+00 -5.0463836044e+00
2.3244396218e+03 -4.1899203867e+03 -6.2563956734e+03 -1.3424434155e+00 5.5665116132e+00 -4.2163610005e+00
2.0635509531e+03 -3.1750265767e+03 -6.9093492863e+03 -1.6537353945e+00 6.0889901479e+00 -3.2823490431e+00
1.7519736108e+03 -2.0821435528e+03 -7.3925791349e+03 -1.9245659882e+00 6.4621457005e+00 -2.2671687419e+00
1.3973373301e+03 -9.3808869354e+02 -7.6941141598e+03 -2.1482325776e+00 6.6766392321e+00 -1.1956852864e+00
1.0083393679e+03 2.2903230289e+02 -7.8064389744e+03 -2.3191788157e+00 6.7270170833e+00 -9.4205071100e-02
5.9453249599e+02 1.3905152705e+03 -7.7266888572e+03 -2.4331370139e+00 6.6118628350e+00 1.0101683073e+00
1.6609088713e+02 2.5177652288e+03 -7.4567303747e+03 -2.4872395511e+00 6.3338495871e+00 2.0902035188e+00
-2.6644041994e+02 3.5830042314e+03 -7.0031246494e+03 -2.4800959289e+00 5.8996896540e+00 3.1192196725e+00
-6.9240627036e+02 4.5599615172e+03 -6.3769732773e+03 -2.4118329315e+00 5.3199813895e+00 4.0717556636e+00
-1.1013057947e+03 5.4245282673e+03 -5.5936499736e+03 -2.2840963095e+00 4.6089557317e+00 4.9242129120e+00
-1.4830537141e+03 6.1553599793e+03 -4.6724240977e+03 -2.1000134704e+00 3.7841279905e+00 5.6554540255e+00
-1.8282318083e+03 6.7344106779e+03 -3.6359851744e+03 -1.8641177757e+00 2.8658632731e+00 6.2473408233e+00
-2.1283240089e+03 7.1473848800e+03 -2.5098802847e+03 -1.5822361898e+00 1.8768666263e+00 6.6851966579e+00
-2.3759289806e+03 7.3840953677e+03 -1.3218786459e+03 -1.2613431314e+00 8.4161135051e-01 6.9581800283e+00
-2.5649446417e+03 7.4387173383e+03 -1.0127974818e+02 -9.0938441060e-01 -2.1427910848e-01 7.0595590165e+00
-2.6907198261e+03 7.3099323100e+03 1.1218170173e+03 -5.3507604262e-01 -1.2646788444e+00 6.9868790091e+00
-2.7501691951e+03 7.0009581738e+03 2.3172622675e+03 -1.4768346868e-01 -2.2836190503e+00 6.7420193613e+00
-2.7418485140e+03 6.5194648878e+03 3.4556066350e+03 2.4321273559e-01 -3.2459415097e+00 6.3311379795e+00
-2.6659884985e+03 5.8773784058e+03 4.5088315482e+03 6.2795825462e-01 -4.1279284476e+00 5.7645061111e+00
-2.5244865656e+03 5.0905784090e+03 5.4510421300e+03 9.9706701089e-01 -4.9078921280e+00 5.0562387836e+00
-2.3208569439e+03 4.1784981783e+03 6.2591047660e+03 1.3414573175e+00 -5.5667090575e+00 4.2239292217e+00
-2.0601406946e+03 3.1636374128e+03 6.9132135610e+03 1.6526761091e+00 -6.0882855657e+00 3.2881980724e+00
-1.7487782089e+03 2.0710009106e+03 7.3973719732e+03 1.9231056449e+00 -6.4599437725e+00 2.2721703264e+00
-1.3944476699e+03 9.2747772633e+02 7.6997782948e+03 2.1461477142e+00 -6.6727194127e+00 1.2008943833e+00
-1.0058737684e+03 -2.3882332193e+02 7.8131062613e+03 2.3163811188e+00 -6.7215655608e+00 1.0071875683e-01
-5.9261162384e+02 -1.3992651114e+03 7.7346748161e+03 2.4296890249e+00 -6.6054588782e+00 -1.0013575275e+00
-1.6481138211e+02 -2.5253835870e+03 7.4665038645e+03 2.4833536324e+00 -6.3274075087e+00 -2.0783447002e+00
2.6703067033e+02 -3.5895820504e+03 7.0152556316e+03 2.4761164686e+00 -5.8943621016e+00 -3.1039163517e+00
6.9232841670e+02 -4.5658018166e+03 6.3920639389e+03 2.4082034551e+00 -5.3170336000e+00 -4.0530427098e+00
1.1006635059e+03 -5.4301534926e+03 5.6122562702e+03 2.2813146948e+00 -4.6096233630e+00 -4.9025888649e+00
1.4820381534e+03 -6.1614942494e+03 4.6949758714e+03 2.0985796798e+00 -3.7894728812e+00 -5.6318648849e+00
1.8271172485e+03 -6.7419378533e+03 3.6627132853e+03 1.8644793035e+00 -2.8766418064e+00 -6.2231160799e+00
2.1274541652e+03 -7.1572858447e+03 2.5407586407e+03 1.5847366970e+00 -1.8934242491e+00 -6.6619431197e+00
2.3756950755e+03 -7.3973700791e+03 1.3565876688e+03 1.2661794764e+00 -8.6381433292e-01 -6.9376432400e+00
2.5657570598e+03 -7.4562988275e+03 1.3919580961e+02 9.1657650737e-01 1.8706715445e-01 -7.0434653649e+00
