-2.5778597191e+03 7.4352655134e+03 -3.1235499458e-03 -8.7919737370e-01 -3.0153838507e-01 7.0600354304e+00
-2.6982548623e+03 7.2914313135e+03 1.2219282531e+03 -5.0347780028e-01 -1.3502483700e+00 6.9730231478e+00
-2.7521466467e+03 6.9678861832e+03 2.4137441274e+03 -1.1545719490e-01 -2.3653877252e+00 6.7141989630e+00
-2.7382284236e+03 6.4726590644e+03 3.5460893193e+03 2.7527020647e-01 -3.3218978630e+00 6.2900667168e+00
-2.6568691274e+03 5.8180131793e+03 4.5910980131e+03 6.5905646721e-01 -4.1962106877e+00 5.7112243109e+00
-2.5101015617e+03 5.0201354094e+03 5.5230825830e+03 1.0264416212e+00 -4.9668340123e+00 4.9920859475e+00
-2.3015691454e+03 4.0987286436e+03 6.3191657318e+03 1.3683890024e+00 -5.6148804295e+00 4.1505091827e+00
-2.0364327535e+03 3.0765180869e+03 6.9598403255e+03 1.6765081740e+00 -6.1245265882e+00 3.2073378092e+00
-1.7212402993e+03 1.9786845975e+03 7.4294434009e+03 1.9432598999e+00 -6.4833920852e+00 2.1858735979e+00
-1.3637626146e+03 8.3223977956e+02 7.7165332296e+03 2.1621382479e+00 -6.6828296656e+00 1.1112914424e+00
-9.7279997689e+02 -3.3464121138e+02 7.8141609438e+03 2.3278256714e+00 -6.7181209386e+00 1.0013483228e-02
-5.5796427972e+02 -1.4933124288e+03 7.7200309840e+03 2.4363177230e+00 -6.5885745495e+00 -1.0909417646e+00
-1.2944235408e+02 -2.6153584055e+03 7.4365474307e+03 2.4850149291e+00 -6.2975260303e+00 -2.1646191120e+00
3.0225370050e+02 -3.6732869630e+03 6.9707460636e+03 2.4727801996e+00 -5.8522410390e+00 -3.1847794656e+00
7.2654310448e+02 -4.6411970697e+03 6.3341146768e+03 2.3999609892e+00 -5.2637257858e+00 -4.1265305731e+00
1.1330337706e+03 -5.4954060879e+03 5.5423067194e+03 2.2683762217e+00 -4.5464503562e+00 -4.9669216160e+00
1.5117743917e+03 -6.2150218931e+03 4.6147556911e+03 2.0812687347e+00 -3.7179923191e+00 -5.6854886962e+00
1.8534953668e+03 -6.7824467560e+03 3.5741998536e+03 1.8432246827e+00 -2.7986094416e+00 -6.2647395979e+00
2.1498329944e+03 -7.1838015258e+03 2.4461287199e+03 1.5600619655e+00 -1.8107515537e+00 -6.6905676531e+00
2.3935317709e+03 -7.4092604864e+03 1.2581644138e+03 1.2386903113e+00 -7.7852262299e-01 -6.9525860767e+00
2.5786201334e+03 -7.4532892542e+03 3.9392356448e+01 8.8694615990e-01 2.7289506605e-01 -7.0443757360e+00
2.7005555744e+03 -7.3147802167e+03 -1.1803431828e+03 5.1340595331e-01 1.3178420631e+00 -6.9636409857e+00
2.7563357212e+03 -6.9970822372e+03 -2.3711623541e+03 1.2718185903e-01 2.3307951595e+00 -6.7122699254e+00
2.7445727025e+03 -6.5079236607e+03 -3.5038750149e+03 -2.6229567590e-01 3.2869796281e+00 -6.2962972378e+00
2.6655289201e+03 -5.8592300030e+03 -4.5506910813e+03 -6.4550382081e-01 4.1629666958e+00 -5.7257696414e+00
2.5211131865e+03 -5.0668400710e+03 -5.4858991645e+03 -1.0130567215e+00 4.9372426697e+00 -5.0145159479e+00
2.3148370755e+03 -4.1501266060e+03 -6.2864972314e+03 -1.3559331411e+00 5.5907363821e+00 -4.1798257483e+00
2.0517322426e+03 -3.1315298164e+03 -6.9327599099e+03 -1.6656970849e+00 6.1072921321e+00 -3.2420428346e+00
1.7382303979e+03 -2.0360143309e+03 -7.4087283058e+03 -1.9347060966e+00 6.4740761037e+00 -2.2240815734e+00
1.3820085280e+03 -8.9046209869e+02 -7.7026098036e+03 -2.1563020196e+00 6.6819053779e+00 -1.1508765213e+00
9.9180285126e+02 2.7698447146e+02 -7.8070772896e+03 -2.3249792549e+00 6.7254901410e+00 -4.8777553667e-02
5.7719582235e+02 1.4376133602e+03 -7.7194595251e+03 -2.4365259339e+00 6.6035815304e+00 1.0550954174e+00
1.4838125243e+02 2.5628508744e+03 -7.4418169849e+03 -2.4881339649e+00 6.3190197396e+00 2.1335225220e+00
-2.8408674285e+02 3.6249690482e+03 -6.9809002968e+03 -2.4784746098e+00 5.8786794877e+00 3.1598620044e+00
-7.0955474655e+02 4.5977746159e+03 -6.3479914102e+03 -2.4077370853e+00 5.2933126822e+00 4.1087187447e+00
-1.1175344204e+03 5.4572618813e+03 -5.5586306999e+03 -2.2776286519e+00 4.5772909855e+00 4.9565854483e+00
-1.4979635113e+03 6.1822125372e+03 -4.6322362795e+03 -2.0913357173e+00 3.7482539261e+00 5.6824390660e+00
-1.8414567488e+03 6.7547267182e+03 -3.5916247568e+03 -1.8534466008e+00 2.8266710658e+00 6.2682759335e+00
-2.1395401094e+03 7.1606712854e+03 -2.4624454107e+03 -1.5698377510e+00 1.8353294077e+00 6.6995706471e+00
-2.3848623334e+03 7.3900334908e+03 -1.2725422003e+03 -1.2475263122e+00 7.9875954208e-01 6.9656457454e+00
-2.5713781705e+03 7.4371707063e+03 -5.1260042555e+01 -8.9449295682e-01 -2.5738389370e-01 7.0599418903e+00
-2.6944985961e+03 7.3009497175e+03 1.1712866547e+03 -5.1947981288e-01 -1.3069706596e+00 6.9801810899e+00
-2.7512041424e+03 6.9847720954e+03 2.3649642062e+03 -1.3176904165e-01 -2.3240544885e+00 6.7284187773e+00
-2.7401185051e+03 6.4964852724e+03 3.5003691668e+03 2.5905183931e-01 -3.2835258641e+00 6.3109838554e+00
-2.6615406771e+03 5.8481820366e+03 4.5495578455e+03 6.4333146909e-01 -4.1617404626e+00 5.7383091290e+00
-2.5174349871e+03 5.0558941323e+03 5.4867372068e+03 1.0115964749e+00 -4.9371066974e+00 5.0246576887e+00
-2.3113795483e+03 4.1391884066e+03 6.2888997699e+03 1.3547872231e+00 -5.5906173002e+00 4.1877536828e+00
-2.0484747054e+03 3.1206764037e+03 6.9363868062e+03 1.6644814119e+00 -6.1063117974e+00 3.2483284004e+00
-1.7352140905e+03 2.0254503934e+03 7.4133662159e+03 1.9330999235e+00 -6.4716589904e+00 2.2295946232e+00
-1.3793218057e+03 8.8046050854e+02 7.7082138589e+03 2.1540899947e+00 -6.6778510275e+00 1.1566637383e+00
-9.8956005398e+02 -2.8615109705e+02 7.8137897324e+03 2.3220815174e+00 -6.7200031587e+00 5.5921162929e-02
-5.7551219136e+02 -1.4457423624e+03 7.7276031368e+03 2.4330130895e+00 -6.5972560094e+00 -1.0456239049e+00
-1.4734668889e+02 -2.5698726569e+03 7.4518637763e+03 2.4842253052e+00 -6.3127795006e+00 -2.1209982340e+00
2.8443214487e+02 -3.6309963522e+03 6.9934185218e+03 2.4745196252e+00 -5.8736800233e+00 -3.1439180180e+00
7.0924061675e+02 -4.6031321098e+03 6.3635762575e+03 2.4041820087e+00 -5.2908145851e+00 -4.0894209147e+00
1.1166731396e+03 -5.4624921813e+03 5.5778257788e+03 2.2749712859e+00 -4.5785175683e+00 -4.9344624888e+00
1.4967546860e+03 -6.1880571458e+03 4.6554540785e+03 2.0900729994e+00 -3.7542474201e+00 -5.6584640516e+00
1.8401823166e+03 -6.7620829136e+03 3.6190745020e+03 1.8540201259e+00 -2.8381620480e+00 -6.2438002158e+00
2.1385501967e+03 -7.1705284577e+03 2.4940761601e+03 1.5725827205e+00 -1.8526329176e+00 -6.6762159330e+00
2.3845529175e+03 -7.4033945647e+03 1.3080076328e+03 1.2526290920e+00 -8.2170887708e-01 -6.9451643105e+00
2.5721624408e+03 -7.4549658880e+03 8.9909374123e+01 9.0196163479e-01 2.2945842409e-01 -7.0440581061e+00
2.6967745662e+03 -7.3239507105e+03 -1.1303896840e+03 5.2913090694e-01 1.2752149797e+00 -6.9704294591e+00
2.7553214846e+03 -7.0135150496e+03 -2.3229950317e+03 1.4323196570e-01 2.2900176757e+00 -6.7259941442e+00
2.7463477089e+03 -6.5312100416e+03 -3.4586721991e+03 -2.4631265643e-01 3.2490469277e+00 -6.3166184291e+00
2.6700474661e+03 -5.8887938925e+03 -4.5095581338e+03 -6.2997862628e-01 4.1288051089e+00 -5.7521884919e+00
2.5282624760e+03 -5.1019520457e+03 -5.4498415407e+03 -9.9836915838e-01 4.9076871809e+00 -5.0463843081e+00
2.3244399255e+03 -4.1899215650e+03 -6.2563958940e+03 -1.3424428597e+00 5.5665101780e+00 -4.2163619464e+00
2.0635513590e+03 -3.1750280071e+03 -6.9093496972e+03 -1.6537347754e+00 6.0889886910e+00 -3.2823502960e+00
1.7519741288e+03 -2.0821452334e+03 -7.3925797942e+03 -1.9245653211e+00 6.4621442922e+00 -2.2671703562e+00
1.3973379665e+03 -9.3809060815e+02 -7.6941151338e+03 -2.1482318881e+00 6.6766379640e+00 -1.1956872971e+00
1.0083401235e+03 2.2903018773e+02 -7.8064403330e+03 -2.3191781390e+00 6.7270160619e+00 -9.4207485520e-02
5.9453336506e+02 1.3905130074e+03 -7.7266906689e+03 -2.4331363924e+00 6.6118621729e+00 1.0101655152e+00
1.6609185606e+02 2.5177628898e+03 -7.4567327002e+03 -2.4872390313e+00 6.3338493933e+00 2.0902004117e+00
-2.6643937293e+02 3.5830019064e+03 -7.0031275353e+03 -2.4800955577e+00 5.8996900225e+00 3.1192163495e+00
-6.9240517491e+02 4.5599593103e+03 -6.3769767501e+03 -2.4118327519e+00 5.3199823892e+00 4.0717522559e+00
-1.1013046873e+03 5.4245262918e+03 -5.5936540348e+03 -2.2840963565e+00 4.6089573967e+00 4.9242095761e+00
-1.4830526363e+03 6.1553583509e+03 -4.6724287202e+03 -2.1000137669e+00 3.7841303139e+00 5.6554509322e+00
-1.8282308045e+03 6.7344095070e+03 -3.6359903008e+03 -1.8641183298e+00 2.8658662032e+00 6.2473381455e+00
-2.1283231231e+03 7.1473842652e+03 -2.5098858282e+03 -1.5822369920e+00 1.8768700792e+00 6.6851945621e+00
-2.3759282541e+03 7.3840953891e+03 -1.3218844928e+03 -1.2613441559e+00 8.4161519297e-01 6.9581786514e+00
-2.5649441097e+03 7.4387180494e+03 -1.0128576447e+02 -9.0938561621e-01 -2.1427504353e-01 7.0595584571e+00
-2.6907195154e+03 7.3099337335e+03 1.1218109790e+03 -5.3507737485e-01 -1.2646747441e+00 6.9868793200e+00
-2.7501691225e+03 7.0009602989e+03 2.3172563593e+03 -1.4768486378e-01 -2.2836151086e+00 6.7420205440e+00
-2.7418486843e+03 6.5194676705e+03 3.4556010050e+03 2.4321134609e-01 -3.2459379134e+00 6.3311399838e+00
-2.6659889049e+03 5.8773817712e+03 4.5088263310e+03 6.2795693886e-01 -4.1279253632e+00 5.7645088377e+00
-2.5244871896e+03 5.0905822560e+03 5.4510374395e+03 9.9706583166e-01 -4.9078896897e+00 5.0562420921e+00
-2.3208577570e+03 4.1785023859e+03 6.2591006888e+03 1.3414563277e+00 -5.5667073583e+00 4.2239329412e+00
-2.0601416603e+03 3.1636418477e+03 6.9132101524e+03 1.6526753482e+00 -6.0882846518e+00 3.2882020142e+00
-1.7487792851e+03 2.0710054359e+03 7.3973692550e+03 1.9231051364e+00 -6.4599436418e+00 2.2721742985e+00
-1.3944488121e+03 9.2748220863e+02 7.6997762559e+03 2.1461474637e+00 -6.6727200296e+00 1.2008981989e+00
-1.0058749324e+03 -2.3881900591e+02 7.8131048601e+03 2.3163811162e+00 -6.7215668401e+00 1.0072225623e-01
-5.9261276835e+02 -1.3992610669e+03 7.7346739863e+03 2.4296892457e+00 -6.6054607017e+00 -1.0013544696e+00
-1.6481247139e+02 -2.5253798968e+03 7.4665035213e+03 2.4833540403e+00 -6.3274097388e+00 -2.0783421685e+00
2.6702966504e+02 -3.5895787727e+03 7.0152556794e+03 2.4761170197e+00 -5.8943645940e+00 -3.1039143870e+00
6.9232751619e+02 -4.5657989847e+03 6.3920642788e+03 2.4082041020e+00 -5.3170362167e+00 -4.0530413097e+00
1.1006627228e+03 -5.4301511174e+03 5.6122568071e+03 2.2813153919e+00 -4.6096259837e+00 -4.9025879888e+00
1.4820374929e+03 -6.1614923230e+03 4.6949765198e+03 2.0985803872e+00 -3.7894754129e+00 -5.6318644625e+00
1.8271167095e+03 -6.7419363545e+03 3.6627139741e+03 1.8644799907e+00 -2.8766441891e+00 -6.2231160222e+00
2.1274537425e+03 -7.1572847451e+03 2.5407593148e+03 1.5847373454e+00 -1.8934264582e+00 -6.6619433318e+00
2.3756947616e+03 -7.3973693488e+03 1.3565882890e+03 1.2661800806e+00 -8.6381637764e-01 -6.9376436338e+00
2.5657568475e+03 -7.4562984408e+03 1.3919635087e+02 9.1657707448e-01 1.8706523685e-01 -7.0434658706e+00
