-2.5778597191e+03 7.4352655134e+03 -3.1235499458e-03 -8.7919737370e-01 -3.0153838507e-01 7.0600354304e+00
-2.6982548500e+03 7.2914313249e+03 1.2219282642e+03 -5.0347765745e-01 -1.3502482355e+00 6.9730232731e+00
-2.7521465970e+03 6.9678862312e+03 2.4137441699e+03 -1.1545690862e-01 -2.3653874342e+00 6.7141991959e+00
-2.7382283124e+03 6.4726591783e+03 3.5460894104e+03 2.7527062590e-01 -3.3218973926e+00 6.2900670410e+00
-2.6568689332e+03 5.8180133921e+03 4.5910981677e+03 6.5905699877e-01 -4.1962100172e+00 5.7112247169e+00
-2.5101012675e+03 5.0201357571e+03 5.5230828153e+03 1.0264422350e+00 -4.9668331285e+00 4.9920864365e+00
-2.3015687399e+03 4.0987291634e+03 6.3191660572e+03 1.3683896629e+00 -5.6148793347e+00 4.1505097669e+00
-2.0364322318e+03 3.0765188137e+03 6.9598407620e+03 1.6765088442e+00 -6.1245253063e+00 3.2073385073e+00
-1.7212396628e+03 1.9786855599e+03 7.4294439698e+03 1.9432605451e+00 -6.4833906651e+00 2.1858744270e+00
-1.3637618703e+03 8.3224099652e+02 7.7165339548e+03 2.1621388396e+00 -6.6828281698e+00 1.1112924114e+00
-9.7279913610e+02 -3.3463973443e+02 7.8141618484e+03 2.3278261865e+00 -6.7181194589e+00 1.0014572739e-02
-5.5796335740e+02 -1.4933107033e+03 7.7200320849e+03 2.4363181435e+00 -6.5885731852e+00 -1.0909406071e+00
-1.2944136805e+02 -2.6153564596e+03 7.4365487326e+03 2.4850152392e+00 -6.2975248710e+00 -2.1646179742e+00
3.0225472958e+02 -3.6732848383e+03 6.9707475531e+03 2.4727803814e+00 -5.8522401473e+00 -3.1847784659e+00
7.2654415228e+02 -4.6411948150e+03 6.3341163182e+03 2.3999610179e+00 -5.2637251818e+00 -4.1265298482e+00
1.1330348076e+03 -5.4954037514e+03 5.5423084529e+03 2.2683760616e+00 -4.5464500085e+00 -4.9669213020e+00
1.5117753811e+03 -6.2150195127e+03 4.6147574350e+03 2.0812683375e+00 -3.7179921427e+00 -5.6854889055e+00
1.8534962622e+03 -6.7824443505e+03 3.5742015106e+03 1.8432239886e+00 -2.7986093058e+00 -6.2647403957e+00
2.1498337386e+03 -7.1837990888e+03 2.4461301866e+03 1.5600609076e+00 -1.8107512988e+00 -6.6905690387e+00
2.3935322948e+03 -7.4092579827e+03 1.2581655937e+03 1.2386888233e+00 -7.7852208359e-01 -6.9525879716e+00
2.5786203571e+03 -7.4532866214e+03 3.9393173625e+01 8.8694418606e-01 2.7289603446e-01 -7.0443779834e+00
2.7005554101e+03 -7.3147773707e+03 -1.1803427709e+03 5.1340345856e-01 1.3178435586e+00 -6.9636433606e+00
2.7563350775e+03 -6.9970790827e+03 -2.3711623466e+03 1.2717883895e-01 2.3307972133e+00 -6.7122721557e+00
2.7445714905e+03 -6.5079201036e+03 -3.5038753613e+03 -2.6229918783e-01 3.2869821931e+00 -6.2962990330e+00
2.6655270601e+03 -5.8592259643e+03 -4.5506916815e+03 -6.4550774965e-01 4.1629696458e+00 -5.7257707243e+00
2.5211106155e+03 -5.0668355000e+03 -5.4858998738e+03 -1.0130609516e+00 4.9372458089e+00 -5.0145160861e+00
2.3148337539e+03 -4.1501214905e+03 -6.2864978703e+03 -1.3559375216e+00 5.5907394652e+00 -4.1798247794e+00
2.0517281594e+03 -3.1315241893e+03 -6.9327602780e+03 -1.6657014384e+00 6.1072948896e+00 -3.2420406831e+00
1.7382255743e+03 -2.0360082723e+03 -7.4087281978e+03 -1.9347102311e+00 6.4740782698e+00 -2.2240782563e+00
1.3820030190e+03 -8.9045573246e+02 -7.7026090248e+03 -2.1563057410e+00 6.6819067171e+00 -1.1508721438e+00
9.9179674480e+02 2.7699098479e+02 -7.8070756704e+03 -2.3249823798e+00 6.7254904690e+00 -4.8772295137e-02
5.7718923663e+02 1.4376198335e+03 -7.7194569322e+03 -2.4365282995e+00 6.6035807276e+00 1.0551013228e+00
1.4837433150e+02 2.5628571058e+03 -7.4418133287e+03 -2.4881354374e+00 6.3190177564e+00 2.1335288071e+00
-2.8409383459e+02 3.6249748333e+03 -6.9808955355e+03 -2.4784750893e+00 5.8786763425e+00 3.1598683906e+00
-7.0956183043e+02 4.5977797587e+03 -6.3479855501e+03 -2.4077365080e+00 5.2933084533e+00 4.1087249587e+00
-1.1175413099e+03 5.4572662038e+03 -5.5586237935e+03 -2.2776269907e+00 4.5772858005e+00 4.9565912350e+00
-1.4979700182e+03 6.1822158873e+03 -4.6322284213e+03 -2.0913329801e+00 3.7482479507e+00 5.6824441962e+00
-1.8414626893e+03 6.7547289751e+03 -3.5916160788e+03 -1.8534428296e+00 2.8266644924e+00 6.2682802069e+00
-2.1395453099e+03 7.1606723623e+03 -2.4624360773e+03 -1.5698330206e+00 1.8353224386e+00 6.6995738907e+00
-2.3848666357e+03 7.3900333385e+03 -1.2725324026e+03 -1.2475207270e+00 7.9875240598e-01 6.9656478253e+00
-2.5713814373e+03 7.4371693167e+03 -5.1249991737e+01 -8.9448664959e-01 -2.5739095705e-01 7.0599427104e+00
-2.6945007154e+03 7.3009471244e+03 1.1712967343e+03 -5.1947294296e-01 -1.3069774052e+00 6.9801805962e+00
-2.7512050319e+03 6.9847683752e+03 2.3649740851e+03 -1.3176179150e-01 -2.3240606731e+00 6.7284169635e+00
-2.7401181160e+03 6.4964805431e+03 3.5003786187e+03 2.5905926900e-01 -3.2835312557e+00 6.3109807686e+00
-2.6615389964e+03 5.8481764545e+03 4.5495666574e+03 6.4333886608e-01 -4.1617448534e+00 5.7383048724e+00
-2.5174320395e+03 5.0558878866e+03 5.4867451883e+03 1.0116036238e+00 -4.9371099181e+00 5.0246524196e+00
-2.3113753949e+03 4.1391817118e+03 6.2889067622e+03 1.3547939148e+00 -5.5906192343e+00 4.1877476053e+00
-2.0484694430e+03 3.1206694888e+03 6.9363926891e+03 1.6644874532e+00 -6.1063123926e+00 3.2483217513e+00
-1.7352078471e+03 2.0254434907e+03 7.4133709117e+03 1.9331051456e+00 -6.4716582646e+00 2.2295876530e+00
-1.3793147361e+03 8.8045384179e+02 7.7082173335e+03 2.1540942604e+00 -6.6778490551e+00 1.1566566945e+00
-9.8955233392e+02 -2.8615732269e+02 7.8137919922e+03 2.3220847231e+00 -6.7200000829e+00 5.5914259260e-02
-5.7550401157e+02 -1.4457479710e+03 7.7276042214e+03 2.4330151655e+00 -6.5972520178e+00 -1.0456305028e+00
-1.4733824947e+02 -2.5698775072e+03 7.4518637490e+03 2.4842262130e+00 -6.3127747997e+00 -2.1210044183e+00
2.8444063947e+02 -3.6310003385e+03 6.9934174597e+03 2.4745193519e+00 -5.8736748134e+00 -3.1439237392e+00
7.0924896155e+02 -4.6031351592e+03 6.3635742416e+03 2.4041805602e+00 -5.2908090370e+00 -4.0894261724e+00
1.1166811318e+03 -5.4624942464e+03 5.5778228873e+03 2.2749686804e+00 -4.5785118052e+00 -4.9344673139e+00
1.4967621267e+03 -6.1880581960e+03 4.6554503833e+03 2.0900692624e+00 -3.7542415094e+00 -5.6584684813e+00
1.8401890117e+03 -6.7620829250e+03 3.6190700698e+03 1.8540152884e+00 -2.8381560030e+00 -6.2438042676e+00
2.1385559581e+03 -7.1705274050e+03 2.4940710580e+03 1.5725768200e+00 -1.8526267101e+00 -6.6762195812e+00
2.3845575645e+03 -7.4033924155e+03 1.3080019375e+03 1.2526221777e+00 -8.2170245886e-01 -6.9451674702e+00
2.5721658028e+03 -7.4549626019e+03 8.9903182500e+01 9.0195377435e-01 2.2946509471e-01 -7.0440606271e+00
2.6967764866e+03 -7.3239462423e+03 -1.1303962435e+03 5.2912219518e-01 1.2752219110e+00 -6.9704311329e+00
2.7553218260e+03 -7.0135093571e+03 -2.3230017907e+03 1.4322253245e-01 2.2900248194e+00 -6.7259947218e+00
2.7463463602e+03 -6.5312030972e+03 -3.4586789441e+03 -2.4632264053e-01 3.2490541642e+00 -6.3166176486e+00
2.6700443496e+03 -5.8887856960e+03 -4.5095646073e+03 -6.2998894757e-01 4.1288122427e+00 -5.7521861107e+00
2.5282575546e+03 -5.1019426371e+03 -5.4498474469e+03 -9.9837956240e-01 4.9076939478e+00 -5.0463801364e+00
2.3244332095e+03 -4.1899110348e+03 -6.2564009111e+03 -1.3424530581e+00 5.5665162629e+00 -4.2163558754e+00
2.0635429109e+03 -3.1750165033e+03 -6.9093534928e+03 -1.6537444569e+00 6.0889937533e+00 -3.2823423186e+00
1.7519640662e+03 -2.0821329632e+03 -7.3925820445e+03 -1.9245741655e+00 6.4621479956e+00 -2.2671605771e+00
1.3973264623e+03 -9.3807783477e+02 -7.6941155428e+03 -2.1482395823e+00 6.6766400053e+00 -1.1956759311e+00
1.0083274034e+03 2.2904315326e+02 -7.8064386509e+03 -2.3191843920e+00 6.7270161975e+00 -9.4194846440e-02
5.9451970227e+02 1.3905258183e+03 -7.7266867076e+03 -2.4331409500e+00 6.6118602375e+00 1.0101790342e+00
1.6607756381e+02 2.5177751782e+03 -7.4567263451e+03 -2.4872416877e+00 6.3338453113e+00 2.0902143618e+00
-2.6645395039e+02 3.5830132995e+03 -7.0031187530e+03 -2.4800961639e+00 5.8996838124e+00 3.1192302510e+00
-6.9241967283e+02 4.5599694465e+03 -6.3769655914e+03 -2.4118312213e+00 5.3199741600e+00 4.0717656222e+00
-1.1013187315e+03 5.4245348358e+03 -5.5936406341e+03 -2.2840926678e+00 4.6089473414e+00 4.9242219343e+00
-1.4830658546e+03 6.1553650074e+03 -4.6724132915e+03 -2.1000079642e+00 3.7841186993e+00 5.6554618404e+00
-1.8282428380e+03 6.7344140330e+03 -3.6359731316e+03 -1.8641105219e+00 2.8658533595e+00 6.2473472069e+00
-2.1283336375e+03 7.1473864788e+03 -2.5098672700e+03 -1.5822273502e+00 1.8768563771e+00 6.6852014323e+00
-2.3759369496e+03 7.3840951771e+03 -1.3218649513e+03 -1.2613329091e+00 8.4160105407e-01 6.9581830594e+00
-2.5649507311e+03 7.4387153749e+03 -1.0126568519e+02 -9.0937304567e-01 -2.1428916632e-01 7.0595602134e+00
-2.6907238606e+03 7.3099286397e+03 1.1218311253e+03 -5.3506380804e-01 -1.2646883832e+00 6.9868783260e+00
-2.7501710494e+03 7.0009529105e+03 2.3172760932e+03 -1.4767066531e-01 -2.2836277992e+00 6.7420168010e+00
-2.7418481169e+03 6.5194581913e+03 3.4556198563e+03 2.4322578548e-01 -3.2459492133e+00 6.3311335982e+00
-2.6659858364e+03 5.8773704782e+03 4.5088438576e+03 6.2797121558e-01 -4.1279348757e+00 5.7645000217e+00
-2.5244816832e+03 5.0905694895e+03 5.4510532446e+03 9.9707954417e-01 -4.9078970867e+00 5.0562311563e+00
-2.3208499445e+03 4.1784885356e+03 6.2591144371e+03 1.3414690922e+00 -5.5667124019e+00 4.2239202791e+00
-2.0601317375e+03 3.1636273358e+03 6.9132215826e+03 1.6526868138e+00 -6.0882872103e+00 3.2881880792e+00
-1.7487675050e+03 2.0709906974e+03 7.3973781878e+03 1.9231149984e+00 -6.4599436980e+00 2.2721595740e+00
-1.3944354758e+03 9.2746767246e+02 7.6997825965e+03 2.1461554746e+00 -6.6727176668e+00 1.2008831708e+00
-1.0058603786e+03 -2.3883293459e+02 7.8131085953e+03 2.3163870895e+00 -6.7215622516e+00 1.0070737184e-01
-5.9259736295e+02 -1.3992740241e+03 7.7346751756e+03 2.4296930580e+00 -6.6054541612e+00 -1.0013688256e+00
-1.6479659623e+02 -2.5253915709e+03 7.4665022843e+03 2.4833556283e+00 -6.3274015682e+00 -2.0783556907e+00
2.6704562185e+02 -3.5895889096e+03 7.0152521812e+03 2.4761163735e+00 -5.8943551307e+00 -3.1039268566e+00
6.9234316882e+02 -4.5658073881e+03 6.3920587156e+03 2.4082012567e+00 -5.3170257813e+00 -4.0530525876e+00
1.1006776947e+03 -5.4301576433e+03 5.6122493932e+03 2.2813104178e+00 -4.6096148546e+00 -4.9025979990e+00
1.4820514223e+03 -6.1614968709e+03 4.6949674794e+03 2.0985733824e+00 -3.7894638098e+00 -5.6318731659e+00
1.8271292537e+03 -6.7419388566e+03 3.6627035369e+03 1.8644710756e+00 -2.8766322698e+00 -6.2231233875e+00
2.1274645813e+03 -7.1572851560e+03 2.5407477172e+03 1.5847266612e+00 -1.8934143267e+00 -6.6619493078e+00
2.3757036015e+03 -7.3973676381e+03 1.3565757799e+03 1.2661677908e+00 -8.6380410341e-01 -6.9376481283e+00
2.5657634256e+03 -7.4562945889e+03 1.3918319940e+02 9.1656336958e-01 1.8707759271e-01 -7.0434687404e+00
